Layers: 3
Hidden Layer Neurons: 10 10 
---Hidden Layer 0---
-2.167203 2.460354 2.924226 1.436343 
2.481595 2.072729 -4.299915 1.278702 
-4.641136 -4.781553 2.593780 -3.917689 
2.484311 -3.837379 -4.285379 -3.771210 
2.524598 -3.986055 -0.066784 -4.747159 
-1.410574 -3.455693 2.081993 3.496118 
-3.450946 -0.588149 2.438873 2.586149 
3.236248 0.809763 -0.402852 -0.051132 
4.372569 1.045328 3.039862 -3.150184 
2.688999 -4.738471 -0.433313 -1.209642 
---Hidden Layer 1---
2.761208 3.407730 4.382689 0.956574 -2.327945 4.037567 1.320152 0.763312 -4.216409 -0.234083 
3.280792 4.148839 -0.876061 3.819080 -2.004132 0.538759 1.129642 -3.445948 3.804421 -3.158457 
4.869634 -2.096687 -2.182469 2.127203 -2.871841 -3.594345 -3.831243 1.667263 -0.856225 1.574952 
3.857123 -3.312109 -1.601428 -1.148803 -1.952210 3.342604 -4.208926 3.989820 2.592509 -4.702532 
3.079691 1.596493 2.714390 -3.366254 3.338891 1.358671 -1.399368 -0.525778 3.099743 -2.840576 
0.284238 2.549038 -2.506874 -1.398839 -0.623627 4.181979 -0.124382 -0.077500 -1.114078 -2.649874 
3.156032 2.312872 0.566450 2.607273 -3.590662 -0.432185 4.384249 3.760391 -2.481188 -1.818330 
-0.402195 -2.037808 -2.107816 -4.398449 4.411713 -4.326600 3.146466 4.952403 5.507856 -0.706763 
4.121744 -1.912647 2.026048 1.264374 -4.000764 -4.836697 -1.154433 -2.057218 2.284316 0.058436 
-1.575635 -0.578163 -4.137051 -2.730575 4.536831 0.328696 -4.074216 -2.911601 2.762532 -4.000798 
---Output Layer---
-1.194628 1.882351 -3.744938 -2.402945 -2.610883 -2.973395 4.072003 3.668157 0.727497 -0.382543 
