0.0000000 0.0000000 22.0000000 8.4852814 8.4852814 0.0000000 
0.0000000 1.0000000 21.0000000 8.4852814 8.4852814 0.0000000 
0.0000000 2.0000000 20.0000000 8.4852814 8.4852814 0.0000000 
0.0000000 3.0000000 19.0000000 8.4852814 8.4852814 0.0000000 
0.0000000 4.0000000 18.0000000 8.4852814 8.4852814 0.0000000 
0.0000000 5.0000000 17.0000000 24.0416306 8.4852814 0.0000000 
0.0000000 6.0000000 16.0000000 22.6274170 8.4852814 0.0000000 
0.0000000 7.0000000 15.0000000 21.2132034 8.4852814 0.0000000 
0.0000000 8.0000000 14.0000000 19.7989899 8.4852814 0.0000000 
0.0000000 9.0000000 13.0000000 18.3847763 8.4852814 0.0000000 
0.0000000 10.0000000 12.0000000 16.9705627 8.4852814 30.0000000 
0.0000000 10.8660254 11.2919112 19.2175293 10.3561558 30.0000000 
0.1443376 11.7199380 10.8847716 33.1645332 11.4193902 30.0000000 
0.4289751 12.5378508 10.7959171 30.7965108 9.8542807 30.0000000 
0.8459503 13.2968842 11.1016122 29.3499582 8.7615987 30.0000000 
1.3835989 13.9758054 11.9850820 28.6548991 8.0349897 30.0000000 
2.0268812 14.5556226 13.8796705 20.9418300 7.6270289 30.0000000 
2.7578022 15.0201163 29.5602513 13.3099669 7.5364981 30.0000000 
3.5559157 15.3562931 27.1670137 10.1781962 7.8131031 30.0000000 
4.3988957 15.5547490 25.6532371 8.4084811 8.5853467 30.0000000 
5.2631612 15.6099325 24.8704034 7.2246951 10.1409582 0.0000000 
6.2577907 15.5064337 23.8704034 7.0914052 10.3052095 0.0000000 
7.2524203 15.4029349 22.8704034 6.9581154 10.4694608 0.0000000 
8.2470499 15.2994362 21.8704034 6.8248255 10.6337121 0.0000000 
9.2416795 15.1959374 20.8704034 6.6915356 10.7979634 0.0000000 
10.2363091 15.0924386 19.8704034 6.5582457 25.4524704 0.0000000 
11.2309386 14.9889398 18.8704034 6.4249559 24.1715467 0.0000000 
12.2255682 14.8854410 17.8704034 6.2916660 22.8906230 -20.0000000 
13.1602143 14.7881840 16.8407266 6.8442440 24.0708384 -20.0000000 
14.0998544 14.7981170 16.0248289 7.8200132 25.9141971 -20.0000000 
15.0322356 14.9151105 15.4059714 9.4604311 28.8094244 -20.0000000 
15.9451997 15.1376389 14.9802255 12.2691562 33.5641614 -20.0000000 
16.8268414 15.4628005 14.7572522 13.8676068 36.3578938 -20.0000000 
17.6656642 15.8863551 14.7637142 12.5943491 34.8327758 -20.0000000 
18.4507298 16.4027795 15.0508927 11.5954700 33.7316173 -20.0000000 
19.1718010 17.0053396 15.7103444 10.8315725 33.0049397 -20.0000000 
19.8194748 17.6861780 16.9071106 10.2799797 13.1119730 -20.0000000 
20.3853056 18.4364164 18.9565244 9.9320388 9.5121768 -10.0000000 
20.8847972 19.2851533 19.9692624 9.5756930 9.4158652 -10.0000000 
21.3343242 20.1613792 21.4393124 9.2921464 9.2373345 -10.0000000 
21.7323792 21.0621559 23.5830853 9.0840637 9.0080794 -10.0000000 
22.0776274 21.9844627 26.7849328 8.9557321 8.7442199 -10.0000000 
22.3689111 22.9252072 27.8898529 8.9133703 8.4546804 -10.0000000 
22.6052535 23.8812347 26.5694004 8.9655726 8.1446352 -10.0000000 
22.7858623 24.8493394 25.3533212 9.1239452 7.8171334 -10.0000000 
22.9101316 25.8262752 24.2307313 9.4040213 7.4739325 0.0000000 
22.9786865 26.8239225 23.2307313 9.3130900 7.5782828 0.0000000 
23.0472413 27.8215699 22.2307313 9.2221587 7.6826332 0.0000000 
23.1157961 28.8192172 21.2307313 9.1312273 7.7869836 0.0000000 
23.1843510 29.8168646 20.2307313 9.0402960 7.8913340 0.0000000 
23.2529058 30.8145119 19.2307313 8.9493647 7.9956844 0.0000000 
23.3214606 31.8121593 18.2307313 8.8584334 8.1000348 0.0000000 
23.3900154 32.8098066 17.2307313 8.7675021 8.2043852 0.0000000 
23.4585703 33.8074540 16.2307313 8.6765708 8.3087356 0.0000000