0.0000000 0.0000000 22.0000000 8.4852814 8.4852814 1.0630495 
-0.0000000 0.9998279 21.0005737 8.4332894 8.5382470 1.0642278 
0.0061831 1.9996363 20.0018954 8.3735551 8.6011236 1.0668005 
0.0185561 2.9993864 19.0038943 8.3061418 8.6741907 1.0723694 
0.0371332 3.9990386 18.0065073 8.2310298 8.7578395 1.0842476 
0.0619461 4.9985516 17.0096882 41.0801861 8.8526922 14.8325028 
0.0920315 5.9647617 16.1447928 38.1214512 9.8247047 14.7274114 
0.2045096 6.9253451 15.3856523 35.7145528 11.2531025 14.7268542 
0.3979837 7.8729444 14.7262479 33.7157585 13.3657923 14.7264842 
0.6710592 8.8007426 14.1632636 32.0397911 14.4192541 14.7260238 
1.0217704 9.7020669 13.6969568 30.6255954 12.9970508 14.7250490 
1.4475935 10.5704371 13.3316352 29.4287679 11.7803715 14.7237621 
1.9454628 11.3996110 13.0766850 28.4167438 10.7372486 14.7218942 
2.5117944 12.1836312 12.9483522 27.5657453 9.8440591 14.7188126 
3.1425130 12.9168704 12.9728536 26.8587690 9.0835632 14.7128391 
3.8330839 13.5940769 13.1918378 26.2842662 8.4436209 14.6985861 
4.5785554 14.2104301 13.6721615 23.6207061 7.9163508 14.4248191 
5.3744730 14.7622087 14.4891912 18.3626086 7.4942028 8.4045619 
6.2314660 15.2563745 26.7180757 17.1727351 7.0836171 10.4535281 
7.1063057 15.7055245 25.0040538 15.7131724 6.7555527 10.4521255 
8.0067123 16.1009445 23.4410361 14.5682338 6.4961431 10.4473482 
8.9293968 16.4411973 22.0073192 13.6204402 6.3088455 10.4386989 
9.8709868 16.7250651 20.6850052 12.8033616 6.1989274 10.4263177 
10.8280401 16.9515569 19.4591571 12.0763657 6.1738944 10.4079737 
11.7970703 17.1199133 18.3172141 11.4132299 6.2440318 10.3748444 
12.7745837 17.2296220 17.2484624 10.7965849 6.4229971 10.2995683 
13.7571555 17.2804658 16.2433557 10.2154062 22.7907469 -8.4466413 
14.7462775 17.2726179 15.2665825 10.7345900 22.5149266 -9.2305812 
15.7324968 17.3131233 14.3315059 11.4770320 22.3910612 -11.5381573 
16.7079129 17.4056179 13.4668222 12.6723214 22.7451107 -10.8183871 
17.6773953 17.5633322 12.6379852 14.2040229 23.1419902 -17.8364241 
18.6055747 17.7746686 12.0285387 12.7115101 25.7051832 -27.5566004 
19.4453921 18.0587199 11.9053488 11.0632913 33.4807026 -29.3133512 
20.2184182 18.4621261 12.2398805 9.8789176 31.8517052 -22.2407254 
20.9581190 19.0185264 12.6119573 9.0427658 30.9845054 -16.1383953 
21.6467963 19.6882000 12.8658719 8.3792030 30.4061454 -13.0391190 
22.2793090 20.4291623 13.0811503 7.8132451 27.8847444 -10.9670177 
22.8587448 21.2216655 13.2777601 7.3136118 22.5130837 -9.5590973 
23.3891127 22.0530092 13.4821352 6.8649617 19.9938719 -8.9604129 
23.8734728 22.9139021 13.7849636 6.4646457 18.4023004 -8.5818815 
24.3129323 23.7996831 14.2416335 6.1108664 17.2524650 -8.3209660 
24.7080554 24.7068404 14.9221988 5.8031220 16.3458516 -8.1474064 
25.0591117 25.6324077 15.9347479 5.5421646 15.5829088 -8.0458924 
25.3661295 26.5737628 17.4614971 5.3299461 14.9080587 -7.4177947 
25.6292851 27.5298389 19.5436077 5.1581965 14.3661326 -8.9026298 
25.8502300 28.4927688 21.8367296 5.0680445 13.6748498 -8.8445072 
26.0212348 29.4659683 20.6894904 5.0471871 13.0368520 -8.8448765 
26.1421371 30.4466520 19.6032798 5.1047318 12.4332326 -8.8465257 
26.2126170 31.4322390 18.5715138 5.2516583 11.8551069 -8.8556602 
26.2324799 32.4201186 17.5884600 5.5026022 11.2952554 -8.9134386 
26.2016281 33.4075603 16.6496244 5.8787128 10.7458999 -9.3244940